%YAML:1.0
---
depth_image_width: 640
depth_image_height: 576
depth_camera_matrix: !!opencv-matrix
   rows: 3
   cols: 3
   dt: f
   data: [ 5.04307251e+02, 0., 3.16637573e+02, 0., 5.04372314e+02,
       3.29319916e+02, 0., 0., 1. ]
undistored_depth_camera_matrix: !!opencv-matrix
   rows: 3
   cols: 3
   dt: f
   data: [ 4.30218201e+02, 0., 3.14917969e+02, 0., 4.40706940e+02,
       3.39812256e+02, 0., 0., 1. ]
depth_distortion_coefficients: !!opencv-matrix
   rows: 8
   cols: 1
   dt: f
   data: [ 1.49680448e+00, 9.27640796e-01, 2.93333087e-05,
       -2.45823394e-05, 5.00758886e-02, 1.83220625e+00, 1.37946868e+00,
       2.60616124e-01 ]
color_image_width: 2048
color_image_height: 1536
color_camera_matrix: !!opencv-matrix
   rows: 3
   cols: 3
   dt: f
   data: [ 9.74798828e+02, 0., 1.02549426e+03, 0., 9.74777893e+02,
       7.70101807e+02, 0., 0., 1. ]
undistorted_color_camera_matrix: !!opencv-matrix
   rows: 3
   cols: 3
   dt: f
   data: [ 1.02213824e+03, 0., 1.02461719e+03, 0., 1.01970020e+03,
       7.70647034e+02, 0., 0., 1. ]
color_distortion_coefficients: !!opencv-matrix
   rows: 8
   cols: 1
   dt: f
   data: [ 3.51566523e-01, -2.56768203e+00, 6.10060117e-04,
       -1.36305403e-04, 1.53345037e+00, 2.31721386e-01, -2.38400316e+00,
       1.45476294e+00 ]
depth2color_translation: !!opencv-matrix
   rows: 3
   cols: 1
   dt: f
   data: [ -3.20823936e+01, -2.05719924e+00, 3.98510051e+00 ]
depth2color_rotation: !!opencv-matrix
   rows: 3
   cols: 3
   dt: f
   data: [ 9.99998212e-01, -3.01871594e-04, -1.86666811e-03,
       4.82298579e-04, 9.95242655e-01, 9.74261239e-02, 1.82837760e-03,
       -9.74268466e-02, 9.95240986e-01 ]
